      3124  Lambda1520        Lambdabar1520     0  0  1     1.51950     0.01573     0.00000  0.00000E+00  0  1
              1    0    0.450000      2212      -321         0         0         0
      4122  Lambda_c+         Lambda_cbar-      3  0  1     2.28490     0.00000     0.00000  6.18000E-02  0  1
              1   42    0.018000       -11        12      3122         0         0
              1   42    0.005000       -11        12      3212         0         0
              1   42    0.005000       -11        12      3214         0         0
              1   42    0.003000       -11        12      2112         0         0
              1   42    0.002000       -11        12      2114         0         0
              1   42    0.006000       -11        12      2212      -211         0
              1   42    0.006000       -11        12      2112       111         0
              1   42    0.018000       -13        14      3122         0         0
              1   42    0.005000       -13        14      3212         0         0
              1   42    0.005000       -13        14      3214         0         0
              1   42    0.003000       -13        14      2112         0         0
              1   42    0.002000       -13        14      2114         0         0
              1   42    0.006000       -13        14      2212      -211         0
              1   42    0.006000       -13        14      2112       111         0
              1    0    0.006600      2224      -321         0         0         0
              1    0    0.025000      2224      -323         0         0         0
              1    0    0.016000      2212      -311         0         0         0
              1    0    0.008800      2212      -313         0         0         0
              1    0    0.005000      2214      -311         0         0         0
              1    0    0.005000      2214      -313         0         0         0
              1    0    0.005800      3122       211         0         0         0
              1    0    0.005000      3122       213         0         0         0
              1    0    0.005500      3212       211         0         0         0
              1    0    0.004000      3212       213         0         0         0
              1    0    0.004000      3214       211         0         0         0
              1    0    0.004000      3214       213         0         0         0
              1    0    0.004000      3222       111         0         0         0
              1    0    0.002000      3222       221         0         0         0
              1    0    0.002000      3222       331         0         0         0
              1    0    0.004000      3222       113         0         0         0
              1    0    0.004000      3222       223         0         0         0
              1    0    0.003000      3224       111         0         0         0
              1    0    0.002000      3224       221         0         0         0
              1    0    0.003000      3224       113         0         0         0
              1    0    0.003000      3224       223         0         0         0
              1    0    0.002000      3322       321         0         0         0
              1    0    0.002000      3322       323         0         0         0
              1    0    0.002000      3324       321         0         0         0
              1    0    0.001000      2224      -211         0         0         0
              1    0    0.001000      2224      -213         0         0         0
              1    0    0.002000      2212       111         0         0         0
              1    0    0.001000      2212       221         0         0         0
              1    0    0.001000      2212       331         0         0         0
              1    0    0.002000      2212       113         0         0         0
              1    0    0.002000      2212       223         0         0         0
              1    0    0.001300      2212       333         0         0         0
              1    0    0.001800      2212     10221         0         0         0
              1    0    0.001000      2214       111         0         0         0
              1    0    0.001000      2214       221         0         0         0
              1    0    0.001000      2214       331         0         0         0
              1    0    0.001000      2214       113         0         0         0
              1    0    0.001000      2214       223         0         0         0
              1    0    0.003000      2112       211         0         0         0
              1    0    0.003000      2112       213         0         0         0
              1    0    0.003000      2114       211         0         0         0
              1    0    0.003000      2114       213         0         0         0
              1    0    0.005000      3122       321         0         0         0
              1    0    0.005000      3122       323         0         0         0
              1    0    0.002000      3212       321         0         0         0
              1    0    0.002000      3212       323         0         0         0
              1    0    0.001000      3214       321         0         0         0
              1    0    0.001000      3214       323         0         0         0
              1    0    0.002000      3222       311         0         0         0
              1    0    0.002000      3222       313         0         0         0
              1    0    0.001000      3224       311         0         0         0
              1    0    0.001000      3224       313         0         0         0
              1    0    0.028000      2212      -321       211         0         0
              1    0    0.018000      3124       211         0         0         0
              1   13    0.243200         2        -1         3      2101         0
              1   13    0.057000         2        -1         3      2103         0
              1   13    0.035000         2        -3         3      2101         0
              1   13    0.035000         2        -1         1      2101         0
              1   13    0.150000         3      2203         0         0         0
              1   13    0.075000         2      3201         0         0         0
              1   13    0.075000         2      3203         0         0         0
              1   13    0.030000         1      2203         0         0         0
              1   13    0.015000         2      2101         0         0         0
              1   13    0.015000         2      2103         0         0         0
